0 0.96484375 0.684375 0.0625 0.1609375
0 0.86171875 0.684375 0.07109375 0.1296875
0 0.77421875 0.7125 0.06484375 0.134375
0 0.74296875 0.66640625 0.03359375 0.09375
0 0.625 0.73046875 0.0671875 0.14375
0 0.6640625 0.67109375 0.04765625 0.115625
0 0.4671875 0.75 0.06328125 0.14375
0 0.51015625 0.7171875 0.0625 0.1328125
0 0.54609375 0.68203125 0.05234375 0.09921875
0 0.41015625 0.67578125 0.06015625 0.1015625
0 0.35390625 0.73125 0.059375 0.13203125
0 0.28984375 0.68046875 0.03984375 0.078125
0 0.34140625 0.62578125 0.04921875 0.0984375
0 0.16875 0.7078125 0.0453125 0.10703125
0 0.21328125 0.71484375 0.04453125 0.10546875
0 0.25859375 0.69296875 0.046875 0.08203125
0 0.19921875 0.65546875 0.02734375 0.04765625
0 0.23125 0.6546875 0.0265625 0.0640625
0 0.1140625 0.66953125 0.04453125 0.08203125
0 0.1390625 0.671875 0.0328125 0.071875