0 0.315625 0.96484375 0.1609375 0.0625
0 0.315625 0.86171875 0.1296875 0.071875
0 0.2875 0.77421875 0.134375 0.065625
0 0.33359375 0.74296875 0.09375 0.034375
0 0.26953125 0.625 0.14375 0.0671875
0 0.32890625 0.6640625 0.115625 0.046875
0 0.25 0.4671875 0.14375 0.0625
0 0.2828125 0.51015625 0.1328125 0.0625
0 0.31796875 0.54609375 0.1 0.053125
0 0.32421875 0.41015625 0.1015625 0.059375
0 0.26875 0.35390625 0.13125 0.059375
0 0.31953125 0.28984375 0.078125 0.040625
0 0.37421875 0.34140625 0.0984375 0.05
0 0.2921875 0.16875 0.10625 0.0453125
0 0.28515625 0.21328125 0.10625 0.04375
0 0.30703125 0.25859375 0.08125 0.046875
0 0.34453125 0.19921875 0.046875 0.028125
0 0.3453125 0.23125 0.0640625 0.0265625
0 0.33046875 0.1140625 0.08125 0.04375
0 0.328125 0.1390625 0.071875 0.0328125