0 0.20390625 0.7546875 0.05546875 0.27734375
0 0.271875 0.65546875 0.03515625 0.12890625
0 0.30234375 0.70859375 0.05546875 0.13984375
0 0.33046875 0.6234375 0.0296875 0.12421875
0 0.38125 0.6203125 0.0375 0.11328125
0 0.08515625 0.6859375 0.05625 0.17890625
0 0.125 0.571875 0.04609375 0.121875
0 0.146875 0.69453125 0.05625 0.1875
0 0.440625 0.73515625 0.09765625 0.28359375
0 0.46015625 0.66328125 0.06328125 0.15390625
0 0.5609375 0.71484375 0.09609375 0.20390625
0 0.546875 0.63515625 0.0375 0.11328125
0 0.628125 0.64765625 0.0421875 0.13828125
0 0.6703125 0.6328125 0.04453125 0.1640625
0 0.72734375 0.7203125 0.06640625 0.21328125
0 0.71171875 0.59296875 0.04921875 0.16796875
0 0.80703125 0.6984375 0.05390625 0.19375
0 0.78671875 0.6171875 0.03046875 0.1265625
0 0.86953125 0.65546875 0.04375 0.2390625
0 0.4328125 0.56484375 0.05390625 0.096875
0 0.49609375 0.54609375 0.0234375 0.11484375
0 0.58359375 0.54140625 0.05703125 0.11015625