0 0.2453125 0.20390625 0.278125 0.05625
0 0.34453125 0.271875 0.128125 0.034375
0 0.29140625 0.30234375 0.140625 0.05625
0 0.3765625 0.33046875 0.125 0.0296875
0 0.3796875 0.38125 0.1125 0.0375
0 0.3140625 0.08515625 0.178125 0.05625
0 0.428125 0.125 0.121875 0.046875
0 0.30546875 0.146875 0.1875 0.05625
0 0.26484375 0.440625 0.284375 0.096875
0 0.33671875 0.46015625 0.153125 0.0625
0 0.28515625 0.5609375 0.203125 0.096875
0 0.36484375 0.546875 0.1125 0.0375
0 0.35234375 0.628125 0.1375 0.0421875
0 0.3671875 0.6703125 0.1640625 0.04375
0 0.2796875 0.72734375 0.2125 0.065625
0 0.40703125 0.71171875 0.16875 0.05
0 0.3015625 0.80703125 0.19375 0.053125
0 0.3828125 0.78671875 0.1265625 0.03125
0 0.34453125 0.86953125 0.2390625 0.04375
0 0.43515625 0.4328125 0.096875 0.053125
0 0.45390625 0.49609375 0.115625 0.0234375
0 0.45859375 0.58359375 0.109375 0.05625