0 0.7546875 0.79609375 0.278125 0.05625
0 0.65546875 0.728125 0.128125 0.034375
0 0.70859375 0.69765625 0.140625 0.05625
0 0.6234375 0.66953125 0.125 0.0296875
0 0.6203125 0.61875 0.1125 0.0375
0 0.6859375 0.91484375 0.178125 0.05625
0 0.571875 0.875 0.121875 0.046875
0 0.69453125 0.853125 0.1875 0.05625
0 0.73515625 0.559375 0.284375 0.096875
0 0.66328125 0.53984375 0.153125 0.0625
0 0.71484375 0.4390625 0.203125 0.096875
0 0.63515625 0.453125 0.1125 0.0375
0 0.64765625 0.371875 0.1375 0.0421875
0 0.6328125 0.3296875 0.1640625 0.04375
0 0.7203125 0.27265625 0.2125 0.065625
0 0.59296875 0.28828125 0.16875 0.05
0 0.6984375 0.19296875 0.19375 0.053125
0 0.6171875 0.21328125 0.1265625 0.03125
0 0.65546875 0.13046875 0.2390625 0.04375
0 0.56484375 0.5671875 0.096875 0.053125
0 0.54609375 0.50390625 0.115625 0.0234375
0 0.54140625 0.41640625 0.109375 0.05625