0 0.53203125 0.5203125 0.15234375 0.43984375
0 0.52421875 0.33828125 0.07890625 0.26171875
0 0.58671875 0.3890625 0.04765625 0.1125
0 0.65 0.38359375 0.084375 0.16640625
0 0.375 0.4953125 0.09140625 0.44296875
0 0.26015625 0.57421875 0.08046875 0.15703125
0 0.13359375 0.49375 0.12265625 0.19296875
0 0.053125 0.45234375 0.07734375 0.14765625
0 0.22265625 0.45703125 0.0625 0.109375
0 0.3109375 0.496875 0.053125 0.0828125
0 0.32890625 0.42109375 0.05703125 0.14921875
0 0.1671875 0.38828125 0.06171875 0.14296875