0 0.77109375 0.38359375 0.4078125 0.1625
0 0.52578125 0.4515625 0.115625 0.0625
0 0.559375 0.41171875 0.1 0.115625
0 0.7375 0.62109375 0.334375 0.15625
0 0.68125 0.10625 0.2828125 0.1109375
0 0.5578125 0.078125 0.11875 0.059375
0 0.59140625 0.203125 0.11875 0.1171875
0 0.5546875 0.290625 0.1515625 0.075
0 0.51171875 0.20078125 0.09375 0.059375
0 0.63828125 0.82421875 0.2953125 0.140625
0 0.55703125 0.7671875 0.1625 0.08125
0 0.55390625 0.9625 0.134375 0.065625
0 0.5390625 0.9140625 0.08125 0.0703125
0 0.51953125 0.7046875 0.121875 0.071875
0 0.49453125 0.6375 0.103125 0.040625
0 0.5171875 0.5765625 0.1265625 0.0625
0 0.49140625 0.3484375 0.08125 0.0859375
0 0.44765625 0.6203125 0.109375 0.0375
0 0.5078125 0.85703125 0.0921875 0.040625