0 0.61640625 0.77109375 0.16171875 0.4078125
0 0.5484375 0.52578125 0.0625 0.11640625
0 0.58828125 0.559375 0.11640625 0.10078125
0 0.37890625 0.7375 0.15625 0.334375
0 0.89375 0.68125 0.1109375 0.2828125
0 0.921875 0.5578125 0.059375 0.11875
0 0.796875 0.59140625 0.1171875 0.11875
0 0.709375 0.5546875 0.07578125 0.1515625
0 0.79921875 0.51171875 0.06015625 0.09296875
0 0.17578125 0.63828125 0.14140625 0.2953125
0 0.2328125 0.55703125 0.08203125 0.16171875
0 0.0375 0.55390625 0.06484375 0.13359375
0 0.0859375 0.5390625 0.0703125 0.08203125
0 0.2953125 0.51953125 0.071875 0.12109375
0 0.3625 0.49453125 0.03984375 0.10390625
0 0.4234375 0.5171875 0.0625 0.1265625
0 0.6515625 0.49140625 0.0859375 0.08125
0 0.3796875 0.44765625 0.03828125 0.109375
0 0.14296875 0.5078125 0.03984375 0.0921875